{
    "accessors": {
        "accessor_buffer_Cube.058_0": {
            "bufferView": "bufferView_buffer_Cube.058_0",
            "byteOffset": 0,
            "byteStride": 12,
            "componentType": 5126,
            "count": 24,
            "max": [
                0.25,
                0.4999999403953552,
                1.5
            ],
            "min": [
                -0.2499999701976776,
                -0.5000000596046448,
                -1.5
            ],
            "type": "VEC3"
        },
        "accessor_buffer_Cube.058_1": {
            "bufferView": "bufferView_buffer_Cube.058_0",
            "byteOffset": 288,
            "byteStride": 12,
            "componentType": 5126,
            "count": 24,
            "max": [
                1.0,
                1.0,
                1.0
            ],
            "min": [
                -1.0,
                -1.0,
                -1.0
            ],
            "type": "VEC3"
        },
        "accessor_buffer_Cube.058_2": {
            "bufferView": "bufferView_buffer_Cube.058_0",
            "byteOffset": 576,
            "byteStride": 8,
            "componentType": 5126,
            "count": 24,
            "max": [
                1.0,
                1.0
            ],
            "min": [
                0.0,
                0.0
            ],
            "type": "VEC2"
        },
        "accessor_buffer_Cube.058_3": {
            "bufferView": "bufferView_buffer_Cube.058_0",
            "byteOffset": 768,
            "byteStride": 8,
            "componentType": 5126,
            "count": 24,
            "max": [
                0.9736841917037964,
                0.9772727265954018
            ],
            "min": [
                0.026315787807106972,
                0.022727251052856445
            ],
            "type": "VEC2"
        },
        "accessor_buffer_Cube.058_4": {
            "bufferView": "bufferView_buffer_Cube.058_1",
            "byteOffset": 0,
            "byteStride": 2,
            "componentType": 5123,
            "count": 36,
            "max": [
                23
            ],
            "min": [
                0
            ],
            "type": "SCALAR"
        },
        "accessor_buffer_Plane_0": {
            "bufferView": "bufferView_buffer_Plane_0",
            "byteOffset": 0,
            "byteStride": 12,
            "componentType": 5126,
            "count": 4,
            "max": [
                1.0,
                1.0,
                0
            ],
            "min": [
                -1.0,
                -1.0,
                0.0
            ],
            "type": "VEC3"
        },
        "accessor_buffer_Plane_1": {
            "bufferView": "bufferView_buffer_Plane_0",
            "byteOffset": 48,
            "byteStride": 12,
            "componentType": 5126,
            "count": 4,
            "max": [
                0,
                0,
                1.0
            ],
            "min": [
                0.0,
                0.0,
                1.0
            ],
            "type": "VEC3"
        },
        "accessor_buffer_Plane_2": {
            "bufferView": "bufferView_buffer_Plane_0",
            "byteOffset": 96,
            "byteStride": 8,
            "componentType": 5126,
            "count": 4,
            "max": [
                0.9999000430107117,
                0.9999000199895818
            ],
            "min": [
                9.998001041822135e-05,
                9.995698928833008e-05
            ],
            "type": "VEC2"
        },
        "accessor_buffer_Plane_3": {
            "bufferView": "bufferView_buffer_Plane_0",
            "byteOffset": 128,
            "byteStride": 8,
            "componentType": 5126,
            "count": 4,
            "max": [
                0.9999000430107117,
                0.9999000199895818
            ],
            "min": [
                9.998001041822135e-05,
                9.995698928833008e-05
            ],
            "type": "VEC2"
        },
        "accessor_buffer_Plane_4": {
            "bufferView": "bufferView_buffer_Plane_1",
            "byteOffset": 0,
            "byteStride": 2,
            "componentType": 5123,
            "count": 6,
            "max": [
                3
            ],
            "min": [
                0
            ],
            "type": "SCALAR"
        }
    },
    "asset": {
        "profile": {
            "api": "WebGL",
            "version": "1.0.3"
        },
        "version": "1.0"
    },
    "bufferViews": {
        "bufferView_buffer_Cube.058_0": {
            "buffer": "buffer_combined",
            "byteLength": 960,
            "byteOffset": 0,
            "target": 34962
        },
        "bufferView_buffer_Cube.058_1": {
            "buffer": "buffer_combined",
            "byteLength": 72,
            "byteOffset": 960,
            "target": 34963
        },
        "bufferView_buffer_Plane_0": {
            "buffer": "buffer_combined",
            "byteLength": 160,
            "byteOffset": 1032,
            "target": 34962
        },
        "bufferView_buffer_Plane_1": {
            "buffer": "buffer_combined",
            "byteLength": 12,
            "byteOffset": 1192,
            "target": 34963
        }
    },
    "buffers": {
        "buffer_combined": {
            "byteLength": 1204,
            "type": "arraybuffer",
            "uri": "buffer_combined.bin"
        }
    },
    "cameras": {
        "camera_Camera": {
            "name": "Camera",
            "perspective": {
                "aspectRatio": 1.703595982340029,
                "yfov": 0.5033799409866333,
                "zfar": 100.0,
                "znear": 0.10000000149011612
            },
            "type": "perspective"
        }
    },
    "extensions": {
        "KHR_materials_common": {
            "lights": {
                "light_Lamp": {
                    "directional": {
                        "color": [
                            1.0,
                            1.0,
                            1.0
                        ]
                    },
                    "name": "Lamp",
                    "type": "directional"
                }
            }
        }
    },
    "extensionsUsed": [
        "KHR_materials_common"
    ],
    "images": {
        "image_Stone_19_UV_H_CM_1.jpg": {
            "uri": "Stone_19_UV_H_CM_1.jpg"
        }
    },
    "materials": {
        "material_Material": {
            "extensions": {
                "KHR_materials_common": {
                    "technique": "CONSTANT",
                    "values": {
                        "diffuse": "texture_Tex",
                        "doubleSided": false,
                        "emission": "texture_Tex",
                        "transparency": 1.0,
                        "transparent": false
                    }
                }
            },
            "name": "Material"
        },
        "material_grass": {
            "extensions": {
                "KHR_materials_common": {
                    "technique": "CONSTANT",
                    "values": {
                        "diffuse": [
                            0.029511570930480957,
                            0.12962351739406586,
                            0.03733207285404205,
                            1.0
                        ],
                        "doubleSided": false,
                        "emission": [
                            0.029511570930480957,
                            0.12962351739406586,
                            0.03733207285404205,
                            1.0
                        ],
                        "transparency": 1.0,
                        "transparent": false
                    }
                }
            },
            "name": "grass"
        }
    },
    "meshes": {
        "mesh_Cube.058": {
            "name": "Cube.058",
            "primitives": [
                {
                    "attributes": {
                        "NORMAL": "accessor_buffer_Cube.058_1",
                        "POSITION": "accessor_buffer_Cube.058_0",
                        "TEXCOORD_0": "accessor_buffer_Cube.058_3",
                        "TEXCOORD_1": "accessor_buffer_Cube.058_2"
                    },
                    "indices": "accessor_buffer_Cube.058_4",
                    "material": "material_Material",
                    "mode": 4
                }
            ]
        },
        "mesh_Plane": {
            "name": "Plane",
            "primitives": [
                {
                    "attributes": {
                        "NORMAL": "accessor_buffer_Plane_1",
                        "POSITION": "accessor_buffer_Plane_0",
                        "TEXCOORD_0": "accessor_buffer_Plane_2",
                        "TEXCOORD_1": "accessor_buffer_Plane_3"
                    },
                    "indices": "accessor_buffer_Plane_4",
                    "material": "material_grass",
                    "mode": 4
                }
            ]
        }
    },
    "nodes": {
        "node_Camera": {
            "camera": "camera_Camera",
            "children": [],
            "matrix": [
                -0.06959141790866852,
                0.997575581073761,
                6.5189044107683e-05,
                0.0,
                0.009704635478556156,
                0.0006116562872193754,
                0.9999527335166931,
                0.0,
                0.9975283741950989,
                0.06958875805139542,
                -0.009723672643303871,
                0.0,
                8.970622062683105,
                -2.792229652404785,
                1.5119680166244507,
                1.0
            ],
            "name": "Camera"
        },
        "node_Cube.000": {
            "children": [],
            "matrix": [
                0.9966599345207214,
                -0.08166348934173584,
                0.0,
                0.0,
                0.08166348934173584,
                0.9966599345207214,
                0.0,
                0.0,
                0.0,
                0.0,
                1.0,
                0.0,
                9.312063217163086,
                -0.6951518058776855,
                1.5000001192092896,
                1.0
            ],
            "meshes": [
                "mesh_Cube.058"
            ],
            "name": "Cube.000"
        },
        "node_Cube.001": {
            "children": [],
            "matrix": [
                -4.371138828673793e-08,
                0.0,
                1.0,
                0.0,
                -1.0,
                -4.371138828673793e-08,
                -4.371138828673793e-08,
                0.0,
                4.371138828673793e-08,
                -1.0,
                1.910685676922942e-15,
                0.0,
                9.312063217163086,
                0.29467713832855225,
                3.2427875995635986,
                1.0
            ],
            "meshes": [
                "mesh_Cube.058"
            ],
            "name": "Cube.001"
        },
        "node_Cube.002": {
            "children": [],
            "matrix": [
                7.549790126404332e-08,
                0.0,
                1.0,
                0.0,
                0.0447215810418129,
                0.9989994764328003,
                -3.3763853934942745e-09,
                0.0,
                -0.9989994764328003,
                0.0447215810418129,
                7.542236346580466e-08,
                0.0,
                0.016887987032532692,
                -8.54446029663086,
                3.2427873611450195,
                1.0
            ],
            "meshes": [
                "mesh_Cube.058"
            ],
            "name": "Cube.002"
        },
        "node_Cube.003": {
            "children": [],
            "matrix": [
                -0.1261540800333023,
                -0.9920106530189514,
                0.0,
                0.0,
                0.9920106530189514,
                -0.1261540800333023,
                0.0,
                0.0,
                0.0,
                0.0,
                1.0,
                0.0,
                -0.9719507098197937,
                -8.50019359588623,
                1.4999998807907104,
                1.0
            ],
            "meshes": [
                "mesh_Cube.058"
            ],
            "name": "Cube.003"
        },
        "node_Cube.004": {
            "children": [],
            "matrix": [
                0.11923792213201523,
                -0.9928656816482544,
                0.0,
                0.0,
                0.9928656816482544,
                0.11923792213201523,
                0.0,
                0.0,
                0.0,
                0.0,
                1.0,
                0.0,
                1.0152710676193237,
                -8.565462112426758,
                1.4999998807907104,
                1.0
            ],
            "meshes": [
                "mesh_Cube.058"
            ],
            "name": "Cube.004"
        },
        "node_Cube.005": {
            "children": [],
            "matrix": [
                -0.9845690131187439,
                -0.17499679327011108,
                0.0,
                0.0,
                0.17499679327011108,
                -0.9845690131187439,
                0.0,
                0.0,
                0.0,
                0.0,
                1.0,
                0.0,
                -8.745875358581543,
                -0.7386326193809509,
                1.4999996423721313,
                1.0
            ],
            "meshes": [
                "mesh_Cube.058"
            ],
            "name": "Cube.005"
        },
        "node_Cube.006": {
            "children": [],
            "matrix": [
                -0.997543215751648,
                0.07005369663238525,
                0.0,
                0.0,
                -0.07005369663238525,
                -0.997543215751648,
                0.0,
                0.0,
                0.0,
                0.0,
                1.0,
                0.0,
                -8.792692184448242,
                1.2491095066070557,
                1.4999996423721313,
                1.0
            ],
            "meshes": [
                "mesh_Cube.058"
            ],
            "name": "Cube.006"
        },
        "node_Cube.007": {
            "children": [],
            "matrix": [
                7.549790126404332e-08,
                0.0,
                1.0,
                0.0,
                0.9999322295188904,
                0.011643580161035061,
                -7.549277825091849e-08,
                0.0,
                -0.011643580161035061,
                0.9999322295188904,
                8.790658201363044e-10,
                0.0,
                -8.781167030334473,
                0.2593480050563812,
                3.2427871227264404,
                1.0
            ],
            "meshes": [
                "mesh_Cube.058"
            ],
            "name": "Cube.007"
        },
        "node_Cube.008": {
            "children": [],
            "matrix": [
                7.549790126404332e-08,
                0.0,
                1.0,
                0.0,
                0.05929938331246376,
                -0.9982402324676514,
                -4.476978787693042e-09,
                0.0,
                0.9982402324676514,
                0.05929938331246376,
                -7.53650439833109e-08,
                0.0,
                -0.059371259063482285,
                8.894369125366211,
                3.2427873611450195,
                1.0
            ],
            "meshes": [
                "mesh_Cube.058"
            ],
            "name": "Cube.008"
        },
        "node_Cube.009": {
            "children": [],
            "matrix": [
                0.022419016808271408,
                0.9997486472129822,
                0.0,
                0.0,
                -0.9997486472129822,
                0.022419016808271408,
                0.0,
                0.0,
                0.0,
                0.0,
                1.0,
                0.0,
                0.9287153482437134,
                8.953065872192383,
                1.4999998807907104,
                1.0
            ],
            "meshes": [
                "mesh_Cube.058"
            ],
            "name": "Cube.009"
        },
        "node_Cube.010": {
            "children": [],
            "matrix": [
                -0.22173435986042023,
                0.9751071333885193,
                0.0,
                0.0,
                -0.9751071333885193,
                -0.22173435986042023,
                0.0,
                0.0,
                0.0,
                0.0,
                1.0,
                0.0,
                -1.0545347929000854,
                8.811541557312012,
                1.4999998807907104,
                1.0
            ],
            "meshes": [
                "mesh_Cube.058"
            ],
            "name": "Cube.010"
        },
        "node_Cube.011": {
            "children": [],
            "matrix": [
                0.6234035491943359,
                0.7819002866744995,
                0.0,
                0.0,
                -0.7819002866744995,
                0.6234035491943359,
                0.0,
                0.0,
                0.0,
                0.0,
                1.0,
                0.0,
                5.885788917541504,
                7.161334991455078,
                1.5,
                1.0
            ],
            "meshes": [
                "mesh_Cube.058"
            ],
            "name": "Cube.011"
        },
        "node_Cube.012": {
            "children": [],
            "matrix": [
                0.7950571179389954,
                0.6065346002578735,
                0.0,
                0.0,
                -0.6065346002578735,
                0.7950571179389954,
                0.0,
                0.0,
                0.0,
                0.0,
                1.0,
                0.0,
                7.23431396484375,
                5.700242519378662,
                1.5,
                1.0
            ],
            "meshes": [
                "mesh_Cube.058"
            ],
            "name": "Cube.012"
        },
        "node_Cube.013": {
            "children": [],
            "matrix": [
                7.549790126404332e-08,
                0.0,
                1.0,
                0.0,
                -0.74286949634552,
                -0.6694362759590149,
                5.608508502064069e-08,
                0.0,
                0.6694362759590149,
                -0.74286949634552,
                -5.054103269230836e-08,
                0.0,
                6.571686267852783,
                6.435555458068848,
                3.2427875995635986,
                1.0
            ],
            "meshes": [
                "mesh_Cube.058"
            ],
            "name": "Cube.013"
        },
        "node_Cube.014": {
            "children": [],
            "matrix": [
                7.549790126404332e-08,
                0.0,
                1.0,
                0.0,
                -0.711423933506012,
                0.7027630805969238,
                5.3711012526491686e-08,
                0.0,
                -0.7027630805969238,
                -0.711423933506012,
                5.305713912662213e-08,
                0.0,
                6.97654390335083,
                -6.008518218994141,
                3.2427875995635986,
                1.0
            ],
            "meshes": [
                "mesh_Cube.058"
            ],
            "name": "Cube.014"
        },
        "node_Cube.015": {
            "children": [],
            "matrix": [
                0.6516574025154114,
                -0.7585133910179138,
                0.0,
                0.0,
                0.7585133910179138,
                0.6516574025154114,
                0.0,
                0.0,
                0.0,
                0.0,
                1.0,
                0.0,
                6.2809295654296875,
                -6.712706565856934,
                1.5,
                1.0
            ],
            "meshes": [
                "mesh_Cube.058"
            ],
            "name": "Cube.015"
        },
        "node_Cube.016": {
            "children": [],
            "matrix": [
                0.8167646527290344,
                -0.5769709348678589,
                0.0,
                0.0,
                0.5769709348678589,
                0.8167646527290344,
                0.0,
                0.0,
                0.0,
                0.0,
                1.0,
                0.0,
                7.661290168762207,
                -5.281652450561523,
                1.5,
                1.0
            ],
            "meshes": [
                "mesh_Cube.058"
            ],
            "name": "Cube.016"
        },
        "node_Cube.017": {
            "children": [],
            "matrix": [
                -0.6792412400245667,
                -0.7339150905609131,
                0.0,
                0.0,
                0.7339150905609131,
                -0.6792412400245667,
                0.0,
                0.0,
                0.0,
                0.0,
                1.0,
                0.0,
                -5.7375264167785645,
                -7.064128875732422,
                1.499999761581421,
                1.0
            ],
            "meshes": [
                "mesh_Cube.058"
            ],
            "name": "Cube.017"
        },
        "node_Cube.018": {
            "children": [],
            "matrix": [
                -0.8375272750854492,
                -0.546395480632782,
                0.0,
                0.0,
                0.546395480632782,
                -0.8375272750854492,
                0.0,
                0.0,
                0.0,
                0.0,
                1.0,
                0.0,
                -6.974899768829346,
                -5.507781028747559,
                1.499999761581421,
                1.0
            ],
            "meshes": [
                "mesh_Cube.058"
            ],
            "name": "Cube.018"
        },
        "node_Cube.019": {
            "children": [],
            "matrix": [
                7.549790126404332e-08,
                0.0,
                1.0,
                0.0,
                0.790108859539032,
                0.6129665374755859,
                -5.965156191223286e-08,
                0.0,
                -0.6129665374755859,
                0.790108859539032,
                4.627768390719211e-08,
                0.0,
                -6.368167400360107,
                -6.289852619171143,
                3.2427873611450195,
                1.0
            ],
            "meshes": [
                "mesh_Cube.058"
            ],
            "name": "Cube.019"
        },
        "node_Cube.020": {
            "children": [],
            "matrix": [
                7.549790126404332e-08,
                0.0,
                1.0,
                0.0,
                0.6728038787841797,
                -0.7398208379745483,
                -5.079528264673172e-08,
                0.0,
                0.7398208379745483,
                0.6728038787841797,
                -5.58549224649596e-08,
                0.0,
                -6.240713596343994,
                7.176301956176758,
                3.2427873611450195,
                1.0
            ],
            "meshes": [
                "mesh_Cube.058"
            ],
            "name": "Cube.020"
        },
        "node_Cube.021": {
            "children": [],
            "matrix": [
                -0.6101397275924683,
                0.7922938466072083,
                0.0,
                0.0,
                -0.7922938466072083,
                -0.6101397275924683,
                0.0,
                0.0,
                0.0,
                0.0,
                1.0,
                0.0,
                -5.508418560028076,
                7.842263221740723,
                1.499999761581421,
                1.0
            ],
            "meshes": [
                "mesh_Cube.058"
            ],
            "name": "Cube.021"
        },
        "node_Cube.022": {
            "children": [],
            "matrix": [
                -0.7847238779067993,
                0.619845449924469,
                0.0,
                0.0,
                -0.619845449924469,
                -0.7847238779067993,
                0.0,
                0.0,
                0.0,
                0.0,
                1.0,
                0.0,
                -6.963369369506836,
                6.487113952636719,
                1.499999761581421,
                1.0
            ],
            "meshes": [
                "mesh_Cube.058"
            ],
            "name": "Cube.022"
        },
        "node_Cube.023": {
            "children": [],
            "matrix": [
                -0.38486167788505554,
                0.9229742288589478,
                0.0,
                0.0,
                -0.9229742288589478,
                -0.38486167788505554,
                0.0,
                0.0,
                0.0,
                0.0,
                1.0,
                0.0,
                -4.217349052429199,
                8.356943130493164,
                1.4999998807907104,
                1.0
            ],
            "meshes": [
                "mesh_Cube.058"
            ],
            "name": "Cube.023"
        },
        "node_Cube.024": {
            "children": [],
            "matrix": [
                -0.14849217236042023,
                0.9889135956764221,
                0.0,
                0.0,
                -0.9889135956764221,
                -0.14849217236042023,
                0.0,
                0.0,
                0.0,
                0.0,
                1.0,
                0.0,
                -2.28732967376709,
                8.83478832244873,
                1.4999998807907104,
                1.0
            ],
            "meshes": [
                "mesh_Cube.058"
            ],
            "name": "Cube.024"
        },
        "node_Cube.025": {
            "children": [],
            "matrix": [
                7.549790126404332e-08,
                0.0,
                1.0,
                0.0,
                0.22875604033470154,
                -0.9734838008880615,
                -1.7270600949359505e-08,
                0.0,
                0.9734838008880615,
                0.22875604033470154,
                -7.349598263317603e-08,
                0.0,
                -3.2509114742279053,
                8.608357429504395,
                3.2427873611450195,
                1.0
            ],
            "meshes": [
                "mesh_Cube.058"
            ],
            "name": "Cube.025"
        },
        "node_Cube.026": {
            "children": [],
            "matrix": [
                7.549790126404332e-08,
                0.0,
                1.0,
                0.0,
                -0.3761550188064575,
                -0.9265567660331726,
                2.8398913443083984e-08,
                0.0,
                0.9265567660331726,
                -0.3761550188064575,
                -6.995308865498373e-08,
                0.0,
                3.6656816005706787,
                8.401779174804688,
                3.2427875995635986,
                1.0
            ],
            "meshes": [
                "mesh_Cube.058"
            ],
            "name": "Cube.026"
        },
        "node_Cube.027": {
            "children": [],
            "matrix": [
                0.45056605339050293,
                0.8927431106567383,
                0.0,
                0.0,
                -0.8927431106567383,
                0.45056605339050293,
                0.0,
                0.0,
                0.0,
                0.0,
                1.0,
                0.0,
                4.582815170288086,
                8.029452323913574,
                1.5,
                1.0
            ],
            "meshes": [
                "mesh_Cube.058"
            ],
            "name": "Cube.027"
        },
        "node_Cube.028": {
            "children": [],
            "matrix": [
                0.2195807546377182,
                0.9755943417549133,
                0.0,
                0.0,
                -0.9755943417549133,
                0.2195807546377182,
                0.0,
                0.0,
                0.0,
                0.0,
                1.0,
                0.0,
                2.73177433013916,
                8.755372047424316,
                1.5,
                1.0
            ],
            "meshes": [
                "mesh_Cube.058"
            ],
            "name": "Cube.028"
        },
        "node_Cube.029": {
            "children": [],
            "matrix": [
                0.8162793517112732,
                0.5776573419570923,
                0.0,
                0.0,
                -0.5776573419570923,
                0.8162793517112732,
                0.0,
                0.0,
                0.0,
                0.0,
                1.0,
                0.0,
                8.078453063964844,
                4.499145030975342,
                1.5000001192092896,
                1.0
            ],
            "meshes": [
                "mesh_Cube.058"
            ],
            "name": "Cube.029"
        },
        "node_Cube.030": {
            "children": [],
            "matrix": [
                0.932384729385376,
                0.3614673912525177,
                0.0,
                0.0,
                -0.3614673912525177,
                0.932384729385376,
                0.0,
                0.0,
                0.0,
                0.0,
                1.0,
                0.0,
                8.967388153076172,
                2.7206335067749023,
                1.5000001192092896,
                1.0
            ],
            "meshes": [
                "mesh_Cube.058"
            ],
            "name": "Cube.030"
        },
        "node_Cube.031": {
            "children": [],
            "matrix": [
                7.549790126404332e-08,
                0.0,
                1.0,
                0.0,
                -0.8997514843940735,
                -0.4364025890827179,
                6.792934925670124e-08,
                0.0,
                0.4364025890827179,
                -0.8997514843940735,
                -3.2947479411404856e-08,
                0.0,
                8.535421371459961,
                3.611232042312622,
                3.2427875995635986,
                1.0
            ],
            "meshes": [
                "mesh_Cube.058"
            ],
            "name": "Cube.031"
        },
        "node_Cube.032": {
            "children": [],
            "matrix": [
                7.549790126404332e-08,
                0.0,
                1.0,
                0.0,
                -0.9013566970825195,
                0.43307751417160034,
                6.805053942571249e-08,
                0.0,
                -0.43307751417160034,
                -0.9013566970825195,
                3.2696441110147134e-08,
                0.0,
                8.573871612548828,
                -2.980391502380371,
                3.2427875995635986,
                1.0
            ],
            "meshes": [
                "mesh_Cube.058"
            ],
            "name": "Cube.032"
        },
        "node_Cube.033": {
            "children": [],
            "matrix": [
                0.8629791140556335,
                -0.5052396059036255,
                0.0,
                0.0,
                0.5052396059036255,
                0.8629791140556335,
                0.0,
                0.0,
                0.0,
                0.0,
                1.0,
                0.0,
                8.14520263671875,
                -3.872581958770752,
                1.5000001192092896,
                1.0
            ],
            "meshes": [
                "mesh_Cube.058"
            ],
            "name": "Cube.033"
        },
        "node_Cube.034": {
            "children": [],
            "matrix": [
                0.9600417613983154,
                -0.2798568904399872,
                0.0,
                0.0,
                0.2798568904399872,
                0.9600417613983154,
                0.0,
                0.0,
                0.0,
                0.0,
                1.0,
                0.0,
                8.98488712310791,
                -2.0702948570251465,
                1.5000001192092896,
                1.0
            ],
            "meshes": [
                "mesh_Cube.058"
            ],
            "name": "Cube.034"
        },
        "node_Cube.035": {
            "children": [],
            "matrix": [
                0.5338696837425232,
                -0.8455668091773987,
                0.0,
                0.0,
                0.8455668091773987,
                0.5338696837425232,
                0.0,
                0.0,
                0.0,
                0.0,
                1.0,
                0.0,
                4.980282306671143,
                -7.562910079956055,
                1.5,
                1.0
            ],
            "meshes": [
                "mesh_Cube.058"
            ],
            "name": "Cube.035"
        },
        "node_Cube.036": {
            "children": [],
            "matrix": [
                0.3118654787540436,
                -0.9501262903213501,
                0.0,
                0.0,
                0.9501262903213501,
                0.3118654787540436,
                0.0,
                0.0,
                0.0,
                0.0,
                1.0,
                0.0,
                3.1574268341064453,
                -8.356954574584961,
                1.5,
                1.0
            ],
            "meshes": [
                "mesh_Cube.058"
            ],
            "name": "Cube.036"
        },
        "node_Cube.037": {
            "children": [],
            "matrix": [
                7.549790126404332e-08,
                0.0,
                1.0,
                0.0,
                -0.3884151875972748,
                0.9214844703674316,
                2.932453035953131e-08,
                0.0,
                -0.9214844703674316,
                -0.3884151875972748,
                6.957014164754582e-08,
                0.0,
                4.069537162780762,
                -7.97248649597168,
                3.2427875995635986,
                1.0
            ],
            "meshes": [
                "mesh_Cube.058"
            ],
            "name": "Cube.037"
        },
        "node_Cube.038": {
            "children": [],
            "matrix": [
                7.549790126404332e-08,
                0.0,
                1.0,
                0.0,
                0.3098281919956207,
                0.9507925510406494,
                -2.3391377723669393e-08,
                0.0,
                -0.9507925510406494,
                0.3098281919956207,
                7.178284278097635e-08,
                0.0,
                -3.4614956378936768,
                -8.175236701965332,
                3.2427873611450195,
                1.0
            ],
            "meshes": [
                "mesh_Cube.058"
            ],
            "name": "Cube.038"
        },
        "node_Cube.039": {
            "children": [],
            "matrix": [
                -0.38643911480903625,
                -0.9223149418830872,
                0.0,
                0.0,
                0.9223149418830872,
                -0.38643911480903625,
                0.0,
                0.0,
                0.0,
                0.0,
                1.0,
                0.0,
                -4.402618885040283,
                -7.868563652038574,
                1.499999761581421,
                1.0
            ],
            "meshes": [
                "mesh_Cube.058"
            ],
            "name": "Cube.039"
        },
        "node_Cube.040": {
            "children": [],
            "matrix": [
                -0.15018269419670105,
                -0.9886582493782043,
                0.0,
                0.0,
                0.9886582493782043,
                -0.15018269419670105,
                0.0,
                0.0,
                0.0,
                0.0,
                1.0,
                0.0,
                -2.5049633979797363,
                -8.462038040161133,
                1.499999761581421,
                1.0
            ],
            "meshes": [
                "mesh_Cube.058"
            ],
            "name": "Cube.040"
        },
        "node_Cube.041": {
            "children": [],
            "matrix": [
                -0.8784360289573669,
                -0.4778599739074707,
                0.0,
                0.0,
                0.4778599739074707,
                -0.8784360289573669,
                0.0,
                0.0,
                0.0,
                0.0,
                1.0,
                0.0,
                -7.777643203735352,
                -4.196037292480469,
                1.4999996423721313,
                1.0
            ],
            "meshes": [
                "mesh_Cube.058"
            ],
            "name": "Cube.041"
        },
        "node_Cube.042": {
            "children": [],
            "matrix": [
                -0.9683651924133301,
                -0.24953719973564148,
                0.0,
                0.0,
                0.24953719973564148,
                -0.9683651924133301,
                0.0,
                0.0,
                0.0,
                0.0,
                1.0,
                0.0,
                -8.45169734954834,
                -2.325486421585083,
                1.4999996423721313,
                1.0
            ],
            "meshes": [
                "mesh_Cube.058"
            ],
            "name": "Cube.042"
        },
        "node_Cube.043": {
            "children": [],
            "matrix": [
                7.549790126404332e-08,
                0.0,
                1.0,
                0.0,
                0.9447525143623352,
                0.32778456807136536,
                -7.132683066402024e-08,
                0.0,
                -0.32778456807136536,
                0.9447525143623352,
                2.474704707822184e-08,
                0.0,
                -8.127242088317871,
                -3.2606289386749268,
                3.2427873611450195,
                1.0
            ],
            "meshes": [
                "mesh_Cube.058"
            ],
            "name": "Cube.043"
        },
        "node_Cube.044": {
            "children": [],
            "matrix": [
                7.549790126404332e-08,
                0.0,
                1.0,
                0.0,
                0.9206267595291138,
                -0.39044374227523804,
                -6.9505389888036e-08,
                0.0,
                0.39044374227523804,
                0.9206267595291138,
                -2.947768251715388e-08,
                0.0,
                -8.329513549804688,
                4.393106937408447,
                3.2427873611450195,
                1.0
            ],
            "meshes": [
                "mesh_Cube.058"
            ],
            "name": "Cube.044"
        },
        "node_Cube.045": {
            "children": [],
            "matrix": [
                -0.8856664896011353,
                0.46432194113731384,
                0.0,
                0.0,
                -0.46432194113731384,
